
	WATERSHED 2

Y[i] ~ dbern(theta[i])
      logit(theta[i]) <- beta[1] + beta[2] * Agr[i] + beta[3] * Elv[i] + beta[4] * Area[i] + beta[5] * Slop[i] +
        beta[6] * s[i]

	u[i,j] <- -alpha[1] * U[Segment_id[i], j]
        d[i,j] <- -alpha[2] * D[Segment_id[i], j]


             mean         sd          2.5%         50%     97.5% Rhat n.eff
alpha[1]  5.5550709 66.8494511  1.555044e-01  0.70498000 22.861152 1.22  1500
alpha[2]  3.3675085 25.5464940  1.477920e-01  0.59651550 13.087922 1.06  1335
beta[1]   4.3814512  2.2794143 -1.740401e-01  4.40204000  8.811467 1.00  1656
beta[2]   0.3255820  1.9742591 -3.442804e+00  0.30356700  4.212520 1.00  1596
beta[3]  -0.8626682  1.8376076 -4.438130e+00 -0.83201600  2.637206 1.00  1500
beta[4]   0.9244668  1.6181457 -1.939451e+00  0.77013900  4.529372 1.00  1500
beta[5]  -2.1241626  1.7874238 -5.972354e+00 -2.04836000  1.221851 1.00  1408
beta[6]  -0.1780425  1.3027938 -2.796538e+00 -0.19189300  2.699381 1.00  1193
s[1]      0.3327767  0.6261808  0.000000e+00  0.02945035  2.302432 1.01  1437
s[2]      1.9611800  1.6923760  1.428736e-02  1.46091500  5.981386 1.00  1214
s[3]      3.3294795  1.7151949  5.196248e-01  3.18641500  6.885649 1.00  1500
s[4]      3.3294795  1.7151949  5.196248e-01  3.18641500  6.885649 1.00  1500
s[5]      3.5993392  1.6649814  9.666697e-01  3.43769500  7.240763 1.00  1500
s[6]      2.2442451  1.7078633  1.229161e-02  1.95798500  6.162161 1.00  1500
s[7]      2.2442451  1.7078633  1.229161e-02  1.95798500  6.162161 1.00  1500
s[8]      3.6084705  1.6599145  1.002010e+00  3.45009500  7.244554 1.00  1500
s[9]      3.6084705  1.6599145  1.002010e+00  3.45009500  7.244554 1.00  1500
s[10]     1.8714564  1.5069075  5.965490e-03  1.58210000  5.613748 1.00  1500
s[11]     3.2109477  1.6784014  1.015968e+00  2.85919000  6.962903 1.00  1433
s[12]     3.3869294  1.6701906  8.215003e-01  3.21188000  6.914424 1.00  1500
s[13]     3.1695589  1.8427661  1.297355e-01  2.99813000  7.087619 1.00  1500
s[14]     1.6172349  1.3503524  8.414448e-03  1.27032000  5.159098 1.00  1800
s[15]     1.8640524  1.2699075  1.697474e-01  1.49527500  5.287484 1.00  1792
s[16]     3.2109477  1.6784014  1.015968e+00  2.85919000  6.962903 1.00  1433
s[17]     3.2508811  1.7695268  1.398296e-01  3.11755500  6.972295 1.00  1500
s[18]     1.8660971  1.3054309  2.283572e-02  1.63814000  5.273927 1.00  1500
s[19]     1.3723541  1.5196551  6.252933e-10  0.79488950  5.169089 1.00  1205