
	ALL WATERSHED COMBINED

Y[i] ~ dbern(p[i])
    logit(p[i]) <- alpha[Watshed[i]] + 
      beta[1]* Agr[i] +
      beta[2] * Elv[i] +
      beta[3] * Area[i] +
      beta[4] * Slop[i] +
      beta[5] * s[i]
    
    # connectivity summed over j
    # subtract c[i,Segment_id[i]] from the sum; self-connection removal
    s[i] <- sum(c[i,]) - c[i, Segment_id[i]]
    
    # connectivity measure for a specific pair of i and j
    for(j in 1:N_site) {
      c[i,j] <- exp(u[i,j] + d[i,j])
      
      u[i,j] <- -alpha[1] * U[Segment_id[i], j]
      d[i,j] <- -alpha[2] * D[Segment_id[i], j]


                mean          sd          2.5%           50%      97.5% Rhat n.eff
alpha[1]  1.53684629  0.62303673  4.707288e-01  1.5108200000  2.8940702 1.00  1500
alpha[2]  0.99431681  0.50060101  1.921992e-01  0.9536160000  2.0897240 1.00  1348
alpha[3] -0.53585374  0.50186319 -1.516481e+00 -0.5189610000  0.4336608 1.00  1432
alpha[4]  0.65115861  0.40273287 -1.991461e-01  0.6704155000  1.4124477 1.00  1500
alpha[5]  0.69211952  0.49664139 -2.446165e-01  0.6829410000  1.7235827 1.00  1426
alpha[6]  0.67527630  0.35311529 -2.398906e-02  0.6766280000  1.3471282 1.01  1500
alpha[7] -0.43873389  0.45459297 -1.320902e+00 -0.4503465000  0.4710956 1.00  1436
beta[1]  -0.40620683  0.27794760 -9.551783e-01 -0.4126040000  0.1636296 1.00  1319
beta[2]  -0.14264625  0.19272065 -5.131313e-01 -0.1448025000  0.2387520 1.00  1212
beta[3]   0.12384287  0.13788087 -1.389830e-01  0.1238175000  0.4057773 1.00  1528
beta[4]  -0.80207708  0.25373057 -1.317681e+00 -0.7924600000 -0.3027363 1.00  1413
beta[5]   0.07166034  0.06207097 -3.446693e-02  0.0645366500  0.2088341 1.01  1500
mu_alpha  0.53332888  0.52276641 -4.598718e-01  0.5190495000  1.5754680 1.00  1500
sd_alpha  1.10497661  0.61434561  3.826061e-01  0.9812430000  2.5586705 1.01  1393
s[1]      3.39301564  3.88531032  9.946336e-01  2.5864100000 10.2478200 1.12  1318
s[2]      5.14338641  5.95821557  1.958059e+00  4.0168050000 14.5281750 1.13  1342
s[3]      8.96742748  9.31482555  4.249582e+00  7.0516100000 23.8500075 1.10  1296
s[4]     10.89914197 12.49226321  5.261393e+00  8.5538450000 28.1542175 1.13  1285
s[5]      5.25049969  9.98517340  1.448075e+00  3.5195700000 17.9128275 1.14  1290
s[6]     10.95967013 10.93961764  5.129105e+00  9.1431250000 25.3575000 1.14  1304
s[7]     10.16649257 12.39639731  3.781605e+00  7.8748400000 27.6287500 1.13  1297
s[8]     12.20229153 11.79427895  6.734599e+00  9.9871300000 27.9917950 1.14  1292
s[9]      4.93967087 13.86927680  1.891568e+00  3.3242800000 14.3550800 1.21  1237
s[10]     4.31670739 14.92148127  1.660074e+00  2.8292500000 12.0926250 1.23  1226
s[11]     0.55276253  0.29231051  1.952744e-01  0.5046965000  1.1741025 1.01  1563
s[12]     1.26677792  0.70434364  5.774823e-01  1.0664550000  3.1046152 1.01  1427
s[13]     2.06110808  1.63938087  6.825780e-01  1.5205650000  6.2280380 1.00  1305
s[14]     3.13791994  2.35774865  1.353775e+00  2.4450500000  8.7279250 1.00  1291
s[15]     2.31805098  2.08001432  1.894550e+00  2.1986300000  2.9727445 1.27  1329
s[16]     4.48296803  3.35019478  2.592490e+00  3.8271100000  9.5936597 1.16  1380
s[17]     8.88052236  8.91993437  3.361917e+00  7.0494900000 23.7706700 1.09  1324
s[18]     8.95965125  9.30708578  4.243889e+00  7.0292650000 23.8313525 1.10  1296
s[19]     8.97502973 12.90768977  3.429584e+00  6.5887900000 26.5003550 1.14  1281
s[20]     5.41643799  9.53285821  1.961905e+00  3.7451100000 17.7528575 1.14  1273
s[21]     3.58293469  1.68544616  2.098919e+00  3.1530700000  7.7464665 1.01  1405
s[22]     1.65068865  2.83280999  3.147762e-01  1.1893150000  5.4265052 1.20  1430
s[23]     3.11665246  3.12376907  1.261443e+00  2.5673550000  7.8904705 1.17  1414
s[24]     2.78671335  2.86911787  1.451582e+00  2.3082800000  6.6124362 1.20  1419
s[25]     3.47341310  3.68116170  1.158978e+00  2.6837600000  9.7636430 1.13  1331
s[26]     3.80601323  3.72090477  1.544270e+00  3.0260800000 10.1120025 1.13  1323
s[27]     3.08601287  4.30210993  7.992108e-01  2.2156350000  9.9340615 1.13  1271
s[28]     1.83388519  4.35131038  2.870221e-01  0.9862475000  8.2535900 1.15  1290
s[29]     8.94038529  7.70621665  4.312396e+00  7.4199300000 21.5529475 1.11  1335
s[30]     8.51779453  8.53514191  3.195102e+00  6.7739800000 23.2058450 1.09  1334
s[31]     7.59399967  8.52414156  2.335558e+00  5.7875250000 22.4562575 1.09  1338
s[32]     8.86783147  9.42754657  4.051891e+00  6.9748150000 23.8048850 1.10  1291
s[33]     8.19496195 12.95988804  2.250000e+00  5.7712000000 26.0993050 1.13  1286
s[34]     9.51928823 11.86690507  3.265888e+00  7.3270250000 26.6789925 1.13  1308
s[35]    10.16649257 12.39639731  3.781605e+00  7.8748400000 27.6287500 1.13  1297
s[36]     4.73779223 13.54972538  1.601154e+00  2.9310000000 16.2096950 1.19  1237
s[37]     7.13800263 14.35379448  3.466355e+00  5.6356650000 16.0671475 1.22  1233
s[38]     4.66952933 13.56798797  1.516731e+00  2.8771600000 16.0607625 1.19  1236
s[39]     5.88529994 14.51879693  1.867777e+00  4.2944100000 15.3607350 1.21  1234
s[40]     4.66872591  9.80005794  1.004699e+00  2.9630450000 17.1330125 1.14  1275
s[41]     0.67988363  0.60629419  9.713108e-02  0.4842145000  2.3615040 1.00  1343
s[42]     2.79295268  2.37799288  7.554799e-01  2.1490300000  8.5173542 1.00  1312
s[43]     0.84792304  2.07655404  8.245111e-02  0.3885655000  4.2758057 1.03  1246
s[44]     3.48450120  1.11601307  2.197467e+00  3.2874200000  5.9333865 1.02  1439
s[45]     0.08653402  1.89915310  3.032238e-10  0.0000215917  0.1471002 1.26  1259
s[46]     1.92891061  4.34440186  2.735224e-01  1.0466400000  8.5954977 1.14  1295
s[47]     3.94870711  4.47431467  2.225489e+00  3.2568500000  9.3650387 1.17  1306
s[48]     7.90989294  7.75358263  3.004024e+00  6.3959700000 20.8737350 1.10  1343
s[49]     8.40860873  9.23500812  3.374866e+00  6.4557850000 23.7989600 1.09  1309
s[50]     6.94765542  7.05459406  3.282790e+00  5.4636500000 18.5978475 1.12  1331
s[51]     6.92509470  7.64414471  2.255608e+00  5.3711850000 19.9217050 1.10  1344
s[52]    11.67192544 10.98740883  6.107443e+00  9.8226850000 26.2301050 1.14  1297
s[53]    11.67163379 10.98657982  6.107563e+00  9.8224850000 26.2263750 1.14  1297
s[54]     8.84601589 11.77395575  2.717948e+00  6.5534700000 25.9103200 1.13  1308
s[55]     3.28172809 15.25395993  8.520562e-01  1.9367950000  9.9349375 1.24  1231
s[56]     3.78081591 15.63892128  1.425835e+00  2.5140050000  9.7615515 1.25  1224
s[57]     2.95723422 15.09811323  3.203217e-01  1.4594000000 10.7683350 1.23  1227
s[58]     3.53683966 15.44353722  9.901521e-01  2.2322350000 10.0321405 1.24  1229
s[59]     8.31003087  9.36264436  3.249898e+00  6.3908000000 23.3649425 1.10  1302
s[60]     5.24932529 13.43546485  7.258463e-01  2.9437500000 21.0420750 1.15  1257
s[61]     2.26010036  1.15743774  1.001338e+00  2.0138400000  5.0963197 1.02  1537
s[62]     3.15902759  1.34452096  1.485594e+00  2.9078300000  6.0917042 1.01  1427
s[63]     3.88090616  2.08589052  2.058242e+00  3.3391900000  8.8296140 1.00  1316
s[64]     3.26118079  2.28490048  1.119118e+00  2.6696250000  8.6385755 1.00  1324
s[65]     1.91417879  2.09244746  1.238818e+00  1.7884250000  2.7916950 1.26  1393
s[66]     2.72245740  3.02888665  9.542109e-01  2.2218050000  6.9559625 1.18  1422
s[67]     4.48296803  3.35019478  2.592490e+00  3.8271100000  9.5936597 1.16  1380
s[68]     4.04723371  4.12247440  2.010776e+00  3.2619350000 10.4968800 1.14  1316
s[69]     3.83696841  5.01621215  1.470228e+00  2.9134100000 11.0585125 1.15  1328
s[70]     4.70067420  6.95309072  1.006921e+00  3.1819250000 16.5880475 1.11  1336
s[71]     5.14670349  5.33726144  2.309689e+00  4.1650250000 12.9528225 1.14  1329
s[72]     6.97556695  5.97484590  3.939269e+00  5.8525100000 15.9342050 1.13  1326
s[73]     9.68849085  7.66305289  5.410951e+00  8.1052600000 22.0253650 1.11  1328
s[74]     9.68849085  7.66305289  5.410951e+00  8.1052600000 22.0253650 1.11  1328
s[75]     8.55693601  9.19165533  3.571400e+00  6.5899250000 23.8231850 1.09  1309
s[76]     4.08551693 13.65016019  8.671007e-01  2.3260050000 15.2706425 1.19  1237
s[77]     5.18605357  9.51117862  1.779651e+00  3.4900300000 17.6738450 1.13  1274
s[78]     6.13462168 13.33904281  2.368473e+00  4.1006550000 19.7451975 1.17  1247
s[79]     4.87931757 13.51411447  1.146894e+00  2.9473950000 17.5986400 1.18  1241
s[80]     4.62131042 14.79322634  2.137875e+00  3.0881350000 12.5768375 1.23  1228
s[81]     4.31709724  1.60529987  3.159799e+00  3.8701000000  8.2279505 1.01  1376
s[82]     2.80967550  2.05334240  2.003216e+00  2.2836100000  6.8237100 1.01  1260
s[83]     4.38867934  3.32836902  2.505709e+00  3.7420550000  9.4890905 1.16  1384
s[84]     4.38867934  3.32836902  2.505709e+00  3.7420550000  9.4890905 1.16  1384
s[85]     0.37081500  2.34924304  1.536905e-03  0.0728998500  2.0496990 1.25  1307
s[86]     0.37081500  2.34924304  1.536905e-03  0.0728998500  2.0496990 1.25  1307
s[87]     2.31805098  2.08001432  1.894550e+00  2.1986300000  2.9727445 1.27  1329
s[88]     2.31805098  2.08001432  1.894550e+00  2.1986300000  2.9727445 1.27  1329
s[89]     6.00062154  5.98491862  2.721329e+00  4.8981850000 15.3530450 1.13  1338
s[90]     6.00062154  5.98491862  2.721329e+00  4.8981850000 15.3530450 1.13  1338
s[91]     6.92870489  6.91896980  3.548702e+00  5.4944750000 18.2251300 1.12  1330
s[92]     6.92870489  6.91896980  3.548702e+00  5.4944750000 18.2251300 1.12  1330
s[93]     7.60181707  7.34850591  3.687864e+00  6.0354600000 19.9588725 1.11  1334
s[94]     7.60181707  7.34850591  3.687864e+00  6.0354600000 19.9588725 1.11  1334
s[95]     8.15820519 13.30736168  2.806167e+00  5.8369250000 24.6759725 1.15  1264
s[96]    12.02757289 11.84722769  6.387328e+00  9.8281500000 27.8743500 1.13  1294
s[97]     8.92132950  9.46423197  4.290600e+00  6.9416000000 23.5836325 1.10  1285
s[98]     8.92132950  9.46423197  4.290600e+00  6.9416000000 23.5836325 1.10  1285
s[99]     5.99494101 13.34043050  2.142340e+00  3.9294550000 19.8212325 1.17  1248
s[100]    4.93067057 13.87305503  1.868717e+00  3.3154700000 14.3505025 1.21  1237
s[101]    7.20624678 13.37243857  2.191834e+00  4.8086300000 23.4471425 1.15  1260
s[102]    7.20624678 13.37243857  2.191834e+00  4.8086300000 23.4471425 1.15  1260
s[103]   11.08912207 11.17063752  5.131047e+00  9.2021400000 26.3356075 1.13  1300
s[104]   11.08912207 11.17063752  5.131047e+00  9.2021400000 26.3356075 1.13  1300
s[105]    3.23021780 15.82205963  8.506077e-01  1.9145350000  9.1402317 1.25  1221
s[106]    3.23021780 15.82205963  8.506077e-01  1.9145350000  9.1402317 1.25  1221
s[107]    7.65003847 10.14180473  3.468635e+00  5.9375300000 20.9004275 1.15  1299
s[108]    7.65003847 10.14180473  3.468635e+00  5.9375300000 20.9004275 1.15  1299
s[109]   10.00388002 11.87917900  3.749037e+00  7.8360400000 27.1668775 1.13  1306
s[110]   10.00388002 11.87917900  3.749037e+00  7.8360400000 27.1668775 1.13  1306
s[111]   10.96478347 12.48807905  5.366161e+00  8.6173600000 28.2350150 1.13  1285
s[112]   10.96478347 12.48807905  5.366161e+00  8.6173600000 28.2350150 1.13  1285
s[113]    9.32607717 12.88817154  3.956379e+00  6.9670700000 26.7796825 1.14  1278
s[114]    1.41659429  0.89715336  7.386015e-01  1.1124150000  3.7936327 1.01  1310
s[115]    1.41659429  0.89715336  7.386015e-01  1.1124150000  3.7936327 1.01  1310
s[116]    1.00863948  0.69405801  3.434991e-01  0.8007240000  2.9131262 1.01  1446
s[117]    3.90026689  2.06284050  2.100826e+00  3.3599600000  8.8098360 1.00  1316
s[118]    1.88569237  2.54101246  1.172718e+00  1.5450150000  4.3649522 1.24  1368
s[119]    1.88569237  2.54101246  1.172718e+00  1.5450150000  4.3649522 1.24  1368
s[120]    1.88569237  2.54101246  1.172718e+00  1.5450150000  4.3649522 1.24  1368
s[121]    3.79631993  4.99367059  1.460280e+00  2.8792950000 10.9627700 1.15  1327
s[122]    6.73390506  5.97350878  3.607935e+00  5.6191550000 15.7973550 1.13  1330
s[123]    5.98331528  6.47456309  2.546148e+00  4.6673950000 16.2601225 1.12  1326
s[124]    5.98331528  6.47456309  2.546148e+00  4.6673950000 16.2601225 1.12  1326
s[125]    9.96031121  7.71868628  5.669906e+00  8.3850000000 22.5374175 1.11  1323
s[126]    9.96031121  7.71868628  5.669906e+00  8.3850000000 22.5374175 1.11  1323
s[127]    8.55516455 11.75573610  2.314681e+00  6.3057200000 25.6446975 1.13  1308
s[128]    8.15046594  9.15105071  2.875463e+00  6.1880500000 23.4943150 1.09  1317
s[129]    8.21921740  9.10420030  2.976225e+00  6.2705400000 23.4802600 1.09  1318
s[130]    8.21921740  9.10420030  2.976225e+00  6.2705400000 23.4802600 1.09  1318
s[131]   10.58406905 11.31762790  4.488555e+00  8.5816800000 26.3652475 1.13  1300
s[132]   10.58406905 11.31762790  4.488555e+00  8.5816800000 26.3652475 1.13  1300
s[133]    4.68506858  9.50565089  1.317216e+00  2.9298950000 17.5580875 1.13  1275
s[134]    7.20756221 14.21508194  3.752192e+00  5.7446150000 15.9707200 1.22  1237
s[135]    7.20756221 14.21508194  3.752192e+00  5.7446150000 15.9707200 1.22  1237
s[136]    4.62611835 14.78402002  2.147187e+00  3.0812850000 12.5950850 1.23  1228
s[137]   11.14465547 12.51498347  5.648584e+00  8.7807300000 28.5041950 1.13  1282
s[138]    8.02780970 10.18777389  3.786972e+00  6.3023550000 21.3521275 1.15  1299
s[139]   10.80448662 12.22316758  4.400243e+00  8.5919500000 27.7610650 1.13  1298
s[140]   10.80448662 12.22316758  4.400243e+00  8.5919500000 27.7610650 1.13  1298
s[141]    9.34159965 12.88905070  3.977184e+00  6.9889500000 26.7909425 1.14  1278
s[142]    9.34159965 12.88905070  3.977184e+00  6.9889500000 26.7909425 1.14  1278
s[143]    3.36787479  2.30344562  1.704370e+00  2.6748350000  8.8424005 1.00  1289
s[144]    0.09921507  0.56587613  7.119087e-06  0.0036636600  0.7556597 1.15  1409
s[145]    5.45360947  5.42857445  2.582217e+00  4.4739050000 13.3810375 1.14  1324
s[146]    5.45360947  5.42857445  2.582217e+00  4.4739050000 13.3810375 1.14  1324
s[147]    4.92037149  5.96030595  1.719816e+00  3.7839500000 14.3383500 1.13  1343
s[148]    5.47152113  5.47984190  2.579364e+00  4.4510350000 13.4423825 1.14  1321
s[149]    8.43718483  9.01121326  2.841606e+00  6.5775900000 23.5766375 1.09  1324
s[150]    4.29481991  1.58399375  3.174525e+00  3.8548000000  8.0682337 1.01  1381
s[151]    4.29481991  1.58399375  3.174525e+00  3.8548000000  8.0682337 1.01  1381
s[152]    5.77803765  9.58993117  2.336046e+00  4.1293500000 18.1112075 1.14  1269
s[153]   11.20971319 12.08852344  4.996603e+00  9.0222550000 27.7264425 1.13  1298
s[154]   10.56567405 11.32197733  4.462187e+00  8.5617350000 26.3619575 1.13  1300
s[155]    9.56051924 12.58780578  3.204139e+00  7.1864100000 27.2901300 1.13  1295
s[156]    8.21816947  9.10421878  2.974557e+00  6.2695700000 23.4793750 1.09  1318
s[157]    4.53097938 13.55013333  1.252449e+00  2.7151250000 16.2723325 1.19  1239
s[158]    5.04932800 14.10095446  1.516948e+00  3.4947950000 14.3483600 1.21  1245
s[159]    7.20756221 14.21508194  3.752192e+00  5.7446150000 15.9707200 1.22  1237
s[160]    7.20756221 14.21508194  3.752192e+00  5.7446150000 15.9707200 1.22  1237
s[161]    4.62611835 14.78402002  2.147187e+00  3.0812850000 12.5950850 1.23  1228
s[162]    7.38749680 14.28518578  3.913678e+00  5.9188750000 16.1883900 1.22  1234
s[163]   11.14465547 12.51498347  5.648584e+00  8.7807300000 28.5041950 1.13  1282
s[164]   12.20229153 11.79427895  6.734599e+00  9.9871300000 27.9917950 1.14  1292
s[165]   10.84430255 10.76205449  5.358954e+00  9.0908850000 24.8730550 1.14  1303
s[166]    1.37953712  0.82449827  4.975989e-01  1.1608000000  3.5616737 1.01  1354
s[167]    1.26403523  2.21410064  9.286317e-02  0.6566915000  6.1311322 1.01  1298
s[168]    3.48450120  1.11601307  2.197467e+00  3.2874200000  5.9333865 1.02  1439
s[169]    4.20835543  3.33656795  2.233093e+00  3.5560350000  9.2989275 1.16  1389
s[170]    2.03696815  4.48493369  2.885396e-01  1.2707800000  7.9601817 1.16  1318
s[171]    5.44359605  6.67434774  1.889577e+00  4.0585250000 16.1895750 1.12  1327
s[172]    5.81862433  9.57623057  2.423738e+00  4.1705100000 18.1199225 1.14  1269
s[173]    4.58833211  5.23415978  1.829570e+00  3.6547250000 12.2824750 1.14  1333
s[174]    7.19856287  8.38423541  2.074144e+00  5.4032300000 21.7871675 1.09  1337
s[175]    4.00650265  9.66356888  2.911470e-01  1.9638500000 18.5881625 1.11  1277
s[176]   10.45162462  8.52615797  5.657766e+00  8.6826700000 24.9880525 1.10  1318
s[177]    9.22004032 13.10584152  3.774371e+00  6.9897950000 25.7100525 1.14  1271
s[178]    7.73735545 10.14024790  3.574550e+00  6.0216700000 20.9624300 1.15  1298
s[179]    3.63151683 15.32282864  1.226584e+00  2.2912350000 10.1346350 1.24  1229
s[180]   11.52252737 11.83348776  5.717260e+00  9.2993450000 27.7750875 1.13  1298
s[181]   11.52359709 11.04369411  5.818592e+00  9.6760150000 26.2983275 1.14  1298
s[182]    4.63547019  9.88316275  9.701180e-01  2.8600350000 17.2795525 1.14  1282
s[183]    4.52641524 13.75482345  1.572126e+00  2.8716550000 14.2426875 1.20  1238
s[184]    8.86691347 13.03519390  3.171070e+00  6.5351950000 26.3108975 1.14  1278
s[185]    8.97940196 11.80251330  2.835165e+00  6.6826550000 26.0818950 1.13  1308
s[186]    1.35560057  0.88651287  4.319429e-01  1.1224100000  3.6732212 1.01  1349
s[187]    2.07646862  1.62946971  6.611642e-01  1.5645700000  6.1780580 1.00  1362
s[188]    3.30765296  2.30405331  1.605659e+00  2.6278300000  8.8468937 1.00  1292
s[189]    0.85385466  2.06002201  1.137712e-01  0.4152985000  4.0612850 1.03  1235
s[190]    3.04559399  3.30406888  9.047666e-01  2.4174600000  8.3449355 1.15  1414
s[191]    3.66279593  3.79399226  1.318191e+00  2.8808250000 10.1966175 1.13  1322
s[192]    3.36136913  4.92451363  1.112133e+00  2.4595100000 10.4044450 1.15  1326
s[193]    5.98331528  6.47456309  2.546148e+00  4.6673950000 16.2601225 1.12  1326
s[194]    4.83491911  6.84963746  1.207540e+00  3.3789100000 16.0553300 1.11  1331
s[195]    1.56122097  4.38347793  1.324900e-01  0.7278415000  7.4855560 1.16  1291
s[196]    8.94919471  9.45875858  4.317277e+00  6.9787750000 23.6196750 1.10  1285
s[197]    5.00875179  9.93541141  1.304886e+00  3.2598300000 17.5582450 1.14  1286
s[198]   10.36846663 10.72246397  4.875920e+00  8.6326850000 24.6961275 1.14  1306
s[199]    9.71756757 11.48347763  3.384192e+00  7.6656150000 26.0533175 1.13  1304
s[200]   11.02141173 12.16126608  4.699270e+00  8.8300500000 27.7803050 1.13  1298
s[201]    7.38992359 14.26764534  3.944332e+00  5.9205000000 16.0965550 1.22  1234
s[202]    2.22557799 15.98179747  1.531644e-01  0.9024395000  7.9256452 1.25  1217
s[203]    3.60372867 15.27943549  1.259666e+00  2.2636100000 10.0938450 1.24  1229
s[204]   12.20164435 11.79482640  6.733011e+00  9.9866250000 27.9907000 1.14  1292
s[205]    8.91020111 13.21802804  3.682892e+00  6.6394400000 25.3322125 1.15  1264
s[206]    0.36526327  0.28773337  9.352901e-02  0.2943205000  1.0411130 1.01  1500
s[207]    1.36494068  1.69348564  1.318673e-01  0.7918835000  5.7538000 1.00  1336
s[208]    2.79561259  2.86991590  1.463105e+00  2.3163500000  6.6242737 1.20  1418
s[209]    2.68201778  4.07314918  5.633556e-01  1.8368150000  9.6628972 1.13  1342
s[210]    3.07721500  4.90203167  8.198710e-01  2.1841000000 10.1043925 1.15  1326
s[211]    5.14670349  5.33726144  2.309689e+00  4.1650250000 12.9528225 1.14  1329
s[212]    4.60104138  5.15336310  2.062198e+00  3.6688700000 12.0797950 1.15  1330
s[213]    6.92870489  6.91896980  3.548702e+00  5.4944750000 18.2251300 1.12  1330
s[214]    6.92870489  6.91896980  3.548702e+00  5.4944750000 18.2251300 1.12  1330
s[215]    9.86595656  7.68402526  5.612841e+00  8.2997750000 22.3038125 1.11  1325
s[216]    9.96031121  7.71868628  5.669906e+00  8.3850000000 22.5374175 1.11  1323
s[217]    9.23424397  8.83272022  3.764583e+00  7.4440550000 24.0118300 1.09  1324
s[218]   10.45162462  8.52615797  5.657766e+00  8.6826700000 24.9880525 1.10  1318
s[219]    8.83359983  9.39363166  3.954450e+00  6.9390550000 23.8642525 1.10  1295
s[220]    8.15866555  9.28514961  3.013661e+00  6.1980250000 23.6507475 1.09  1309
s[221]    5.44540668 13.37145991  1.327083e+00  3.3114250000 19.8499075 1.16  1252
s[222]    5.66767352 13.41787754  1.749899e+00  3.7054500000 19.0011700 1.17  1246
s[223]    5.45399817 13.45279164  1.640354e+00  3.4992700000 18.5200600 1.17  1243
s[224]    8.10767458  9.57904030  3.279488e+00  6.1352350000 22.9394275 1.10  1285
s[225]   11.15036957 12.48558044  5.650680e+00  8.8139050000 28.4840625 1.13  1283
s[226]    2.87651261  1.14790440  1.530750e+00  2.6705500000  5.5782650 1.02  1526
s[227]    1.26773627  1.11490851  2.625372e-01  0.9746715000  4.0822790 1.02  1550
s[228]    0.93707201  2.51279213  1.619303e-01  0.6101375000  3.4391972 1.23  1401
s[229]    3.18439511  3.15160014  1.304500e+00  2.6049650000  8.0887222 1.17  1412
s[230]    3.70004735  3.92413825  1.581206e+00  2.8304500000 10.3176300 1.13  1297
s[231]    3.90129971  3.87922601  1.903887e+00  3.0444500000 10.4399175 1.13  1296
s[232]    5.08232616  5.56828929  2.003340e+00  4.0356400000 13.3298200 1.13  1324
s[233]    7.24305863  8.34652755  2.072478e+00  5.4701750000 21.7258100 1.09  1337
s[234]    7.50045916  7.33958243  3.566703e+00  5.9504000000 19.9058150 1.11  1334
s[235]    6.39100463  6.21963722  2.810442e+00  5.2403750000 15.9008425 1.12  1330
s[236]    5.45644940  6.64635161  1.859948e+00  4.0892300000 16.1592850 1.12  1328
s[237]    3.72461109  2.07752616  1.849855e+00  3.1802100000  8.7074397 1.00  1321
s[238]    7.23002875  8.48408063  2.030011e+00  5.3467150000 22.0728600 1.09  1338
s[239]   10.53949169  8.47398480  5.842436e+00  8.7630000000 24.9844300 1.10  1318
s[240]   10.53949169  8.47398480  5.842436e+00  8.7630000000 24.9844300 1.10  1318
s[241]    5.10108658  9.71322818  1.429003e+00  3.4319900000 17.4641050 1.14  1272
s[242]    4.90012070  9.49582977  1.574491e+00  3.1550800000 17.6494125 1.13  1274
s[243]    3.85225982 13.69616673  6.895887e-01  2.1205350000 14.6305100 1.20  1237
s[244]    9.39524944 13.10426871  4.089640e+00  7.1535350000 25.8661400 1.14  1268
s[245]    9.09128006 13.04622453  3.524832e+00  6.7902450000 26.1676675 1.14  1275
s[246]   10.74968350 10.73446413  5.326307e+00  9.0001400000 24.8499500 1.14  1304
s[247]    4.60254348  5.15341821  2.064002e+00  3.6703650000 12.0811150 1.15  1330
s[248]    8.94761849  9.44424034  4.258967e+00  7.0093950000 23.8286550 1.10  1287
s[249]    6.99181590  6.99052634  3.467120e+00  5.5262100000 18.4576750 1.12  1330
s[250]    5.29012331 13.47556747  1.549899e+00  3.3495200000 18.1486225 1.18  1242
s[251]    9.33833633  7.88457492  4.585598e+00  7.7617800000 22.4484600 1.10  1328
s[252]    3.94870711  4.47431467  2.225489e+00  3.2568500000  9.3650387 1.17  1306
s[253]    9.39557553 13.10407915  4.089972e+00  7.1538800000 25.8659675 1.14  1268
s[254]    3.94294172  4.11592211  1.858310e+00  3.1516550000 10.4089300 1.14  1320
s[255]    5.18804413  6.75038534  1.584966e+00  3.7628900000 16.0730325 1.11  1328
s[256]    2.80967550  2.05334240  2.003216e+00  2.2836100000  6.8237100 1.01  1260
s[257]    9.85562607  8.46889131  4.906935e+00  8.0923450000 24.3970400 1.10  1325
s[258]    7.52849360  7.33824576  3.604766e+00  5.9744400000 19.9200925 1.11  1334
s[259]    5.55437871  5.43922291  2.739732e+00  4.5566050000 13.4941000 1.14  1321
s[260]    9.01662260 10.63062575  3.572791e+00  7.2840300000 23.5097625 1.14  1310
s[261]    6.19289919  6.27594852  2.511406e+00  5.0340150000 15.8891400 1.12  1332
s[262]    9.02712377 10.45828836  4.116961e+00  7.2968600000 23.0012625 1.14  1304
s[263]    9.28393046 12.90560003  3.878009e+00  6.9383950000 26.7562850 1.14  1278
s[264]    8.24711227  9.56166014  3.439157e+00  6.2838800000 23.0310175 1.10  1285
s[265]    4.14919523  1.67619886  2.764657e+00  3.7048400000  8.2174535 1.01  1378
s[266]    0.56324729  0.47104645  9.432042e-02  0.4226335000  1.8074597 1.00  1415
s[267]    0.78720723  0.52196604  2.342339e-01  0.6359335000  2.2557652 1.00  1410
s[268]    2.94579925  1.45367165  1.188858e+00  2.6469500000  6.2298362 1.01  1419
s[269]    2.35132735  4.35391367  3.499789e-01  1.4300500000  9.1878370 1.13  1307
s[270]    3.31407979  4.06230553  1.223056e+00  2.5185750000 10.0540152 1.13  1335
s[271]    4.07425997  4.57978358  2.090246e+00  3.3676300000  9.6852175 1.17  1299
s[272]    4.15301923  5.76354568  1.358384e+00  2.9451350000 13.0968300 1.13  1325
s[273]    8.58697871  9.16009564  3.583256e+00  6.6191950000 23.8268650 1.09  1310
s[274]    6.78809038  7.11192881  2.954655e+00  5.3038400000 18.6446750 1.12  1333
s[275]    7.94135196 10.15425759  3.785143e+00  6.2192950000 21.1669875 1.15  1298
s[276]    5.54745758 10.08113952  1.473128e+00  3.7949100000 18.7492450 1.14  1296
s[277]    7.98069940 10.26335814  3.468803e+00  6.2568450000 21.5529325 1.15  1301
s[278]    8.93339890  9.30833226  4.201113e+00  7.0044800000 23.8103675 1.10  1296
s[279]    9.02635441 13.18435118  3.665142e+00  6.7339300000 25.6706325 1.14  1267
s[280]    3.51531665 15.49754363  9.587190e-01  2.2166950000  9.9495677 1.24  1228
s[281]    3.91238304 14.69475837  4.301914e-01  2.1633800000 13.6637650 1.22  1233
s[282]    4.62149096 14.06685239  1.123439e+00  3.0385450000 14.0733625 1.21  1245
s[283]    4.66152726 13.83298452  1.530908e+00  3.0359950000 14.2663800 1.21  1239
s[284]    6.55650829 14.21021381  2.838915e+00  5.1193350000 15.5169725 1.22  1242
s[285]   10.55494377 10.72083312  5.113732e+00  8.8142400000 24.7783050 1.14  1305
s[286]    2.78830309  2.06075181  1.941516e+00  2.2674150000  6.8282697 1.01  1260
s[287]    2.35930866  1.61333549  5.955878e-01  1.9357400000  6.0700458 1.00  1347
s[288]    1.62421701  2.19710236  6.225166e-01  1.4701650000  2.8641182 1.25  1312
s[289]    3.90993225  4.16559057  1.768091e+00  3.1144200000 10.3602600 1.13  1316
s[290]    3.87371058  3.87912912  1.869400e+00  3.0178600000 10.4181600 1.13  1297
s[291]    3.48499493  4.07676067  1.391272e+00  2.6879700000 10.1236850 1.13  1332
s[292]    3.74323629  3.68142287  1.511145e+00  2.9620950000  9.9916715 1.13  1325
s[293]    4.17764191  4.55301689  2.290775e+00  3.4686400000  9.6880685 1.17  1298
s[294]   10.22227386  8.46765686  5.426471e+00  8.4324100000 24.7595125 1.10  1321
s[295]    7.07911044  5.99502372  4.040049e+00  5.9289800000 16.0574050 1.13  1324
s[296]    7.60181707  7.34850591  3.687864e+00  6.0354600000 19.9588725 1.11  1334
s[297]    9.65143843  7.81044297  5.111378e+00  8.0814750000 22.5289700 1.11  1326
s[298]    4.15403075  5.76289537  1.359746e+00  2.9459800000 13.0959600 1.13  1325
s[299]    9.09213325 13.05133064  3.522364e+00  6.7969600000 26.1219725 1.14  1275
s[300]    7.20624678 13.37243857  2.191834e+00  4.8086300000 23.4471425 1.15  1260
s[301]   10.85952939 10.82013911  5.237804e+00  9.0810700000 24.9191350 1.14  1304
s[302]    6.89872447 14.39438167  3.114934e+00  5.3601150000 15.9413975 1.22  1233
s[303]   10.35622804 12.34121565  3.899275e+00  8.1100700000 27.6666175 1.13  1298
s[304]    6.07487851 13.35658841  2.273334e+00  4.0540300000 19.5803900 1.17  1246
s[305]    9.01770577 10.45805597  4.104967e+00  7.2874500000 22.9929725 1.14  1305
s[306]    4.31670739 14.92148127  1.660074e+00  2.8292500000 12.0926250 1.23  1226
s[307]    4.15424019  4.50608224  2.401275e+00  3.4508600000  9.5580987 1.17  1301
s[308]    1.43879419  0.91240137  7.381313e-01  1.1332400000  3.8648995 1.01  1309
s[309]    3.39852755 15.77181846  9.988104e-01  2.1095300000  9.3073182 1.25  1222
s[310]    5.65936571  9.55675184  2.210948e+00  3.9902850000 17.9243475 1.14  1271
s[311]    5.76899749  6.47824003  2.179172e+00  4.4653500000 16.0650500 1.12  1329
s[312]    8.91020111 13.21802804  3.682892e+00  6.6394400000 25.3322125 1.15  1264
s[313]    4.29481991  1.58399375  3.174525e+00  3.8548000000  8.0682337 1.01  1381
s[314]    7.07911044  5.99502372  4.040049e+00  5.9289800000 16.0574050 1.13  1324
s[315]    9.62654922  8.47943483  4.595551e+00  7.8830800000 24.1856675 1.10  1326
s[316]   12.20229153 11.79427895  6.734599e+00  9.9871300000 27.9917950 1.14  1292
s[317]    9.86386988 12.73864428  3.818572e+00  7.4864600000 27.8361700 1.13  1285
s[318]    4.52530176 13.75476445  1.570627e+00  2.8705300000 14.2423875 1.20  1238
s[319]    5.37672999 14.14941730  1.700248e+00  3.8642550000 14.6090950 1.21  1246
s[320]    8.53688885  9.16068224  3.504718e+00  6.5749800000 23.7971825 1.09  1311
s[321]    3.76938055 15.63389748  1.401860e+00  2.5038600000  9.7721812 1.25  1224
s[322]    9.02840665 10.45912773  4.116398e+00  7.2984350000 23.0046975 1.14  1304
s[323]    9.84699805 12.74121807  3.796428e+00  7.4683200000 27.8266375 1.13  1285
s[324]   11.19410407 12.49348944  5.742212e+00  8.8581700000 28.5384700 1.13  1282
s[325]   11.60062515 10.98353256  5.996816e+00  9.7481450000 26.1343425 1.14  1298